1633333518.8444798,0.14459754526615143,0.27793073654174805,0.052107442170381546,0.015476171858608723,0.22178016602993011,0.2881079316139221
1633334008.013551,0.07341118901968002,0.11994307488203049,0.09378029406070709,0.565345048904419,0.00687001645565033,0.14065030217170715
1633334118.0046966,0.21277081966400146,0.14708347618579865,0.01280183345079422,0.3854213356971741,0.014400563202798367,0.22752203047275543
1633334133.1049705,0.08343227952718735,0.17333221435546875,0.08516085147857666,0.4821208715438843,0.05916803702712059,0.11678576469421387
1633334133.1969783,0.07159708440303802,0.1621677726507187,0.07953455299139023,0.4826599061489105,0.03898406773805618,0.16505660116672516
1633334133.2859852,0.08744233846664429,0.1484106332063675,0.11971648782491684,0.515995442867279,0.03267856314778328,0.09575654566287994
1633334133.6200676,0.06739465892314911,0.21751421689987183,0.03665590658783913,0.4548543095588684,0.07517411559820175,0.14840680360794067
1633334134.5861404,0.08470993489027023,0.18228092789649963,0.04118462651968002,0.5093870759010315,0.03342822566628456,0.14900921285152435
1633334135.0922143,0.07881848514080048,0.2041078507900238,0.05385974794626236,0.32376283407211304,0.13661664724349976,0.20283454656600952
1633334135.651254,0.08856363594532013,0.21508045494556427,0.033117711544036865,0.4890637993812561,0.050308700650930405,0.1238657683134079
1633334136.0753078,0.06531142443418503,0.17645114660263062,0.023863699287176132,0.5886456966400146,0.01910538412630558,0.12662263214588165
1633334136.1803224,0.0776810422539711,0.16098473966121674,0.1298203021287918,0.39287006855010986,0.05430617183446884,0.18433770537376404
1633334136.6773872,0.06223621591925621,0.18235266208648682,0.017994066700339317,0.6047469973564148,0.021236132830381393,0.1114339753985405
1633334137.2464495,0.069395050406456,0.16566607356071472,0.036764346063137054,0.5512841939926147,0.017789384350180626,0.1591009497642517
1633334161.0927773,0.06697791069746017,0.11453014612197876,0.10294374823570251,0.6020747423171997,0.009133699350059032,0.10433976352214813
1633334161.2507856,0.08138531446456909,0.15332038700580597,0.07446224987506866,0.5078494548797607,0.019968535751104355,0.16301406919956207
1633334161.4147985,0.06363475322723389,0.12763336300849915,0.05095212161540985,0.6228996515274048,0.0070121497847139835,0.1278679221868515
1633334161.5018065,0.08909992128610611,0.12365785986185074,0.1972319483757019,0.4403701424598694,0.02344508469104767,0.1261950433254242
1633334161.7528322,0.11117903143167496,0.21610452234745026,0.05844908207654953,0.44559958577156067,0.05396778881549835,0.11470010131597519
1633334161.8388386,0.09260103106498718,0.22369030117988586,0.060575637966394424,0.4350036084651947,0.06584524363279343,0.12228405475616455
1633334161.936846,0.07096808403730392,0.19697333872318268,0.04477929696440697,0.5075799822807312,0.03603857755661011,0.14366072416305542
1633334162.0328524,0.08624782413244247,0.21803969144821167,0.10388045758008957,0.2991337776184082,0.1755038946866989,0.11719433963298798
1633334162.127859,0.07265347987413406,0.21256931126117706,0.07829146832227707,0.3601481318473816,0.15175777673721313,0.1245797649025917
1633334162.219895,0.12750762701034546,0.19024668633937836,0.06833776831626892,0.45035386085510254,0.04470038786530495,0.11885363608598709
1633334162.3919072,0.09332413971424103,0.21364767849445343,0.03234601020812988,0.4952605366706848,0.04241064563393593,0.1230110228061676
1633334162.477914,0.06306026130914688,0.17028814554214478,0.22272180020809174,0.313032865524292,0.10763099044561386,0.123265840113163
1633334162.5659242,0.07989794760942459,0.15732422471046448,0.19709165394306183,0.37546777725219727,0.053337324410676956,0.136881023645401
1633334162.7224505,0.06681706011295319,0.21424415707588196,0.045323651283979416,0.437522292137146,0.0782836303114891,0.15780915319919586
1633334163.0279758,0.08193515241146088,0.20557427406311035,0.05378248542547226,0.4790278971195221,0.042516447603702545,0.1371636986732483
1633334163.2678025,0.09089101850986481,0.19260303676128387,0.07810766994953156,0.45401278138160706,0.05387371778488159,0.13051174581050873
1633334163.352808,0.0927511528134346,0.1707189530134201,0.03559957072138786,0.5834394097328186,0.017810963094234467,0.09968002885580063
1633334163.44032,0.08168070763349533,0.14587676525115967,0.03815353289246559,0.6121641397476196,0.009094595909118652,0.11303026974201202
1633334163.5983326,0.09159387648105621,0.15669240057468414,0.08194909989833832,0.546390950679779,0.021247711032629013,0.10212592035531998
1633334163.7553453,0.1063961312174797,0.2209455370903015,0.044306352734565735,0.3313107192516327,0.14485867321491241,0.15218250453472137
1633334163.8503513,0.09919311851263046,0.21339330077171326,0.06485110521316528,0.37359416484832764,0.1027769222855568,0.14619141817092896
1633334163.9463587,0.07058365643024445,0.15039056539535522,0.04958615452051163,0.6354765295982361,0.01743677444756031,0.07652635127305984
1633334164.0343652,0.10870575904846191,0.18314622342586517,0.06453350931406021,0.45794323086738586,0.0580269955098629,0.12764431536197662
1633334164.1203732,0.10039985924959183,0.15625034272670746,0.07160864770412445,0.5534630417823792,0.016385037451982498,0.1018930971622467
1633334164.2083802,0.10311218351125717,0.160999596118927,0.08710318058729172,0.5092788934707642,0.0249556303024292,0.11455049365758896
1633334164.3113885,0.09733722358942032,0.1807529330253601,0.14648552238941193,0.2704533338546753,0.21043343842029572,0.09453758597373962
1633334164.9997277,0.10348492115736008,0.1956506222486496,0.01814403384923935,0.5639442205429077,0.02384556084871292,0.0949307456612587
1633334165.1059568,0.08994951844215393,0.18068645894527435,0.09982123225927353,0.3916773200035095,0.08182845264673233,0.15603703260421753
1633334165.1939662,0.093193419277668,0.19800490140914917,0.038501668721437454,0.5034818649291992,0.04727397859096527,0.11954416334629059
1633334165.2809696,0.100246362388134,0.1827240139245987,0.05656246840953827,0.4886116683483124,0.060234300792217255,0.11162121593952179
1633334165.3699749,0.09140392392873764,0.17128244042396545,0.06748281419277191,0.5062647461891174,0.03916732221841812,0.12439870089292526
1633334165.4609828,0.081229068338871,0.13770033419132233,0.2295953631401062,0.3737887740135193,0.04374980926513672,0.13393674790859222
1633334165.5509894,0.09379160404205322,0.1486617922782898,0.08039069175720215,0.5768377780914307,0.02023310959339142,0.08008503168821335
1633334165.7110033,0.10908302664756775,0.1888393759727478,0.066630519926548,0.48090970516204834,0.06863027811050415,0.08590719103813171
1633334165.8867881,0.09969273209571838,0.17568178474903107,0.09095555543899536,0.38165250420570374,0.11088474094867706,0.14113269746303558
1633334165.9757967,0.09376087039709091,0.1637081801891327,0.12870585918426514,0.41508784890174866,0.06096591427922249,0.1377713680267334
1633334166.062803,0.10317517817020416,0.15715642273426056,0.09995434433221817,0.4891815781593323,0.04460722580552101,0.10592519491910934
1633334166.225837,0.07726331055164337,0.15609760582447052,0.06556417793035507,0.5580686926841736,0.026089634746313095,0.11691660434007645
1633334166.315841,0.08475948870182037,0.17059919238090515,0.05706695094704628,0.5516167283058167,0.03223251923918724,0.10372507572174072
1633334166.4818537,0.08015268296003342,0.17346374690532684,0.11853674799203873,0.3962932527065277,0.08443750441074371,0.14711609482765198
1633334166.8758986,0.08186925947666168,0.14287765324115753,0.0640222355723381,0.5557048916816711,0.010702495463192463,0.14482343196868896
1633334167.1309178,0.08914649486541748,0.17856532335281372,0.06518050283193588,0.4848293662071228,0.03364633396267891,0.1486319899559021
1633334167.2319365,0.062467604875564575,0.14885729551315308,0.05149159952998161,0.5879591703414917,0.012087498791515827,0.13713687658309937
1633334167.3229442,0.06442127376794815,0.14755378663539886,0.049454204738140106,0.5661165714263916,0.011114999651908875,0.16133913397789001
1633334167.4149516,0.0513702929019928,0.11885938793420792,0.07964426279067993,0.5953917503356934,0.007823045365512371,0.14691124856472015
1633334192.1021445,0.04357464239001274,0.12110781669616699,0.03303207457065582,0.707145631313324,0.0016882674535736442,0.0934516191482544
1633334193.0426698,0.044192250818014145,0.1509765088558197,0.03833252936601639,0.6725344657897949,0.003977030515670776,0.08998722583055496
1633334193.373707,0.040351010859012604,0.12068786472082138,0.026559287682175636,0.7123593091964722,0.0019250793848186731,0.09811748564243317
1633334555.4367905,0.12987492978572845,0.15837064385414124,0.0449092872440815,0.5524908900260925,0.01725844293832779,0.09709585458040237
1633334558.9291878,0.06873288750648499,0.0951780304312706,0.26424628496170044,0.48109233379364014,0.009453026577830315,0.0812973901629448
1633334559.024195,0.05756562948226929,0.09723640233278275,0.11047244071960449,0.6126158237457275,0.0036266993265599012,0.11848299950361252
1633334559.282221,0.08230581134557724,0.11596817523241043,0.23911722004413605,0.44465750455856323,0.019688680768013,0.09826255589723587
1633334560.654331,0.07012128084897995,0.09741931408643723,0.315972238779068,0.3810647130012512,0.017918583005666733,0.11750392615795135
1633334560.7533407,0.05745841562747955,0.08142426609992981,0.3864280581474304,0.3684270679950714,0.011062958277761936,0.09519921243190765
1633334560.9183528,0.06221463531255722,0.09247370064258575,0.19887925684452057,0.46724268794059753,0.00797007791697979,0.1712196320295334
1633334561.0173604,0.05046466737985611,0.06797438859939575,0.49699726700782776,0.2442241758108139,0.015441657975316048,0.12489785999059677
1633334561.1113658,0.07244814187288284,0.08617352694272995,0.21385996043682098,0.48030486702919006,0.004520358983427286,0.1426931470632553
1633334561.2033727,0.07691640406847,0.11939506977796555,0.22389903664588928,0.41958263516426086,0.025078602135181427,0.13512837886810303
1633334561.2963805,0.07637897878885269,0.09650707244873047,0.20157760381698608,0.46200793981552124,0.008847602643072605,0.15468080341815948
1633334561.3933873,0.05839451402425766,0.09186482429504395,0.2137487530708313,0.5163053870201111,0.0072081726975739,0.11247832328081131
1633334561.4823937,0.08208156377077103,0.14296263456344604,0.1437942236661911,0.4128725528717041,0.04772203043103218,0.17056703567504883
1633334561.585401,0.077440544962883,0.12083315849304199,0.07098093628883362,0.6018037796020508,0.006077466532588005,0.12286411970853806
1633334561.6754081,0.09370646625757217,0.16963930428028107,0.05962148681282997,0.48880115151405334,0.024192247539758682,0.16403932869434357
1633334562.2104616,0.07544656842947006,0.13081595301628113,0.05144324526190758,0.6307899951934814,0.007960028015077114,0.1035441979765892
1633334562.3034744,0.09086630493402481,0.12396273761987686,0.10507738590240479,0.5161082744598389,0.011079780757427216,0.15290547907352448
1633334563.0361354,0.23008255660533905,0.2485470026731491,0.03807978704571724,0.38945719599723816,0.03214878588914871,0.06168477237224579
1633334570.6414213,0.08941636234521866,0.14713284373283386,0.10419483482837677,0.5039539337158203,0.020843783393502235,0.13445815443992615
1633334570.73743,0.06592366099357605,0.14823515713214874,0.06156431511044502,0.608712911605835,0.013318506069481373,0.10224544256925583
1633334679.0329292,0.09606300294399261,0.20935459434986115,0.021435650065541267,0.5189439058303833,0.041643720120191574,0.11255910992622375
1633334679.168802,0.10280828922986984,0.19706305861473083,0.021781567484140396,0.548642635345459,0.024348214268684387,0.10535628348588943
1633334679.2778113,0.10589394718408585,0.18355953693389893,0.05882918834686279,0.4725083112716675,0.055154893547296524,0.12405412644147873
1633334679.3668182,0.08929114043712616,0.19669631123542786,0.021358827129006386,0.5352608561515808,0.03166018798947334,0.12573277950286865
1633334679.4558246,0.10522663593292236,0.17458496987819672,0.04788314551115036,0.49308016896247864,0.036262430250644684,0.14296261966228485
1633334679.6938422,0.08793624490499496,0.18566419184207916,0.0374644473195076,0.556812584400177,0.03572038561105728,0.09640208631753922
1633334679.7808478,0.19941389560699463,0.2374313473701477,0.037191834300756454,0.42768681049346924,0.02237863466143608,0.07589756697416306
1633334679.8788557,0.07425045222043991,0.2000061273574829,0.01692299358546734,0.5499861240386963,0.04262007772922516,0.11621421575546265
1633334679.9678624,0.08505594730377197,0.19566169381141663,0.023651380091905594,0.5140190124511719,0.03664642199873924,0.1449655145406723
1633334680.7709281,0.08955942094326019,0.1626637876033783,0.03615077584981918,0.5584478378295898,0.020214248448610306,0.13296392560005188
1633334680.864933,0.09264878183603287,0.14618392288684845,0.07411675900220871,0.5460027456283569,0.019167887046933174,0.12187999486923218
1633334680.952942,0.08493038266897202,0.1621389240026474,0.03399837017059326,0.5997517704963684,0.020393405109643936,0.09878713637590408
1633334681.1279523,0.06563767790794373,0.1386222094297409,0.05050371214747429,0.629496157169342,0.011602960526943207,0.10413725674152374
1633334681.299965,0.07714467495679855,0.17985977232456207,0.0363578237593174,0.5821092128753662,0.036837197840213776,0.08769136667251587
1633334681.5409832,0.07923667132854462,0.18051141500473022,0.053983479738235474,0.5202799439430237,0.04965918883681297,0.11632935702800751
1633334681.7149973,0.0889669880270958,0.17999444901943207,0.031241895630955696,0.5605750679969788,0.030994273722171783,0.10822729021310806
1633334681.8060038,0.08850181847810745,0.16884364187717438,0.059562984853982925,0.540921688079834,0.02979346737265587,0.11237630993127823
1633334682.0512831,0.089259572327137,0.16160482168197632,0.1077980101108551,0.47874221205711365,0.046841543167829514,0.11575383692979813
1633334682.1492906,0.09254555404186249,0.1873316764831543,0.06195478141307831,0.5025444626808167,0.06057679280638695,0.09504678845405579
1633334682.3143022,0.09282512962818146,0.142848938703537,0.17327435314655304,0.41506826877593994,0.045626670122146606,0.13035666942596436
1633334682.491317,0.06921099871397018,0.1629103273153305,0.06566835194826126,0.5511107444763184,0.03163919970393181,0.1194603443145752
1633334682.5833228,0.09308536350727081,0.1715979278087616,0.10434794425964355,0.47714439034461975,0.05003590136766434,0.10378847271203995
1633334682.8364751,0.07649772614240646,0.17928092181682587,0.07049688696861267,0.505154013633728,0.0369638130068779,0.1316065937280655
1633334683.0024872,0.09856607019901276,0.14986205101013184,0.1571396291255951,0.45568156242370605,0.03705226257443428,0.10169839859008789
1633334683.39302,0.12016709893941879,0.20848163962364197,0.04837687686085701,0.4026225507259369,0.12105726450681686,0.09929455816745758
1633334683.5800405,0.08073288947343826,0.16154830157756805,0.059204716235399246,0.5548579692840576,0.031104326248168945,0.11255180835723877
1633334683.7420514,0.11353899538516998,0.1634066253900528,0.06566527485847473,0.5384644269943237,0.03175928443670273,0.08716539293527603
1633334683.8450599,0.07395375519990921,0.17104043066501617,0.041186295449733734,0.559752345085144,0.027045611292123795,0.1270216405391693
1633334683.9550672,0.07179707288742065,0.16863761842250824,0.061938412487506866,0.5376838445663452,0.03461524099111557,0.12532784044742584
1633334684.1950858,0.08628977835178375,0.18656139075756073,0.04761685058474541,0.5161920785903931,0.04894055426120758,0.11439928412437439
1633334684.3710992,0.07779296487569809,0.1554623246192932,0.06971476227045059,0.5603849291801453,0.02101929485797882,0.11562563478946686
1633334685.0811603,0.07868749648332596,0.18111476302146912,0.025340665131807327,0.5944216847419739,0.02505785971879959,0.09537749737501144
1633334685.1761677,0.08397991955280304,0.15389160811901093,0.07166969776153564,0.5700762867927551,0.0196823887526989,0.10070008784532547
1633334685.3561811,0.07416034489870071,0.16367381811141968,0.04380931332707405,0.581762433052063,0.01965980976819992,0.11693429201841354
1633334685.444188,0.0746740773320198,0.15719003975391388,0.05929043889045715,0.5564112663269043,0.02282828837633133,0.12960582971572876
1633334685.6112006,0.07769721001386642,0.15422959625720978,0.04565154016017914,0.606390655040741,0.01614079624414444,0.09989018738269806
1633334685.702208,0.06777044385671616,0.1343405544757843,0.12726305425167084,0.5417886972427368,0.02024224027991295,0.10859492421150208
1633334685.7952182,0.10724394023418427,0.1791418045759201,0.06799162179231644,0.47626635432243347,0.03817974776029587,0.13117653131484985
1633334685.8812206,0.09987540543079376,0.15481378138065338,0.06391338258981705,0.5052014589309692,0.022947512567043304,0.15324841439723969
1633334685.9742277,0.10019282251596451,0.16796675324440002,0.12023253738880157,0.4194398522377014,0.06357835233211517,0.1285896748304367
1633334686.0661368,0.09518100321292877,0.1928221732378006,0.038911622017621994,0.5172784328460693,0.04827318340539932,0.10753360390663147
1633334686.163144,0.09438373893499374,0.14910267293453217,0.0877404734492302,0.525951623916626,0.016799092292785645,0.1260223388671875
1633334686.2551506,0.09545315057039261,0.1270555853843689,0.1444462686777115,0.5314925909042358,0.0162550900131464,0.08529733121395111
1633334686.4261653,0.08924010396003723,0.14204289019107819,0.10958468914031982,0.503379762172699,0.02320406772196293,0.1325485110282898
1633334814.2300124,0.0901518240571022,0.22522863745689392,0.025296920910477638,0.44601988792419434,0.07459095120429993,0.1387118548154831
1633334814.3410158,0.07877445220947266,0.16518744826316833,0.05098810791969299,0.5382833480834961,0.02368505485355854,0.14308160543441772
1633334814.408833,0.09588633477687836,0.19295470416545868,0.06762471795082092,0.3626197874546051,0.11562887579202652,0.16528558731079102
1633334814.6563694,0.0793452039361,0.17298215627670288,0.03747277706861496,0.5186785459518433,0.030002983286976814,0.16151836514472961
1633334816.331248,0.07519926130771637,0.17006054520606995,0.10627947002649307,0.4005105197429657,0.07763220369815826,0.17031802237033844
1633334819.0792587,0.1143186017870903,0.20959052443504333,0.034699343144893646,0.4348074495792389,0.09266208112239838,0.11392202228307724
1633334819.2359583,0.1132432222366333,0.21090228855609894,0.01796608790755272,0.49214455485343933,0.048099763691425323,0.11764410883188248
1633334819.553358,0.08728154003620148,0.16889719665050507,0.1231406182050705,0.3760567009449005,0.08187094330787659,0.16275300085544586
1633334820.5002012,0.08102098107337952,0.19520334899425507,0.05786701664328575,0.4263611435890198,0.08082596957683563,0.15872153639793396
1633334820.7640493,0.09691307693719864,0.19089913368225098,0.0155952712520957,0.5869635939598083,0.02008703537285328,0.08954189717769623
1633334820.8896153,0.10171914100646973,0.15593406558036804,0.03716064617037773,0.5709583759307861,0.009716321714222431,0.12451145052909851
1633334821.616411,0.08686403930187225,0.17078152298927307,0.048585597425699234,0.5456194281578064,0.033192578703165054,0.11495689302682877
1633334824.8820243,0.1128421276807785,0.1829954981803894,0.06982294470071793,0.43065404891967773,0.07076865434646606,0.132916659116745
1633334886.3672156,0.20733650028705597,0.21262401342391968,0.06250789016485214,0.3768453001976013,0.030790716409683228,0.10989556461572647
1633334886.5632424,0.12030427157878876,0.18056605756282806,0.04884316772222519,0.4956480860710144,0.024338774383068085,0.1302996128797531
1633334888.6167045,0.1502501368522644,0.20116455852985382,0.03642799332737923,0.46177446842193604,0.03997742012143135,0.11040537804365158
1633334888.6737103,0.11430444568395615,0.1889565885066986,0.03484663739800453,0.5310717225074768,0.028894996270537376,0.10192564874887466
1633334888.7687156,0.11417260020971298,0.20878861844539642,0.045006297528743744,0.4748878479003906,0.05066142603754997,0.10648325085639954
1633334888.8257158,0.12902961671352386,0.18706905841827393,0.03223200514912605,0.530917227268219,0.029921824112534523,0.09083037078380585
1633334888.9617286,0.09695941209793091,0.1784132868051529,0.13471798598766327,0.2997100353240967,0.11006676405668259,0.18013255298137665
1633334889.0227313,0.10397294163703918,0.20661400258541107,0.07767250388860703,0.3719864785671234,0.10067274421453476,0.13908140361309052
1633334889.0777392,0.1101272702217102,0.17988865077495575,0.041837409138679504,0.49290984869003296,0.04008417949080467,0.13515257835388184
1633334889.9128125,0.09808815270662308,0.16945460438728333,0.1274237036705017,0.33954182267189026,0.07850422710180283,0.18698742985725403
1633334890.854882,0.08391180634498596,0.1604083776473999,0.07828129082918167,0.5183357000350952,0.023043693974614143,0.13601912558078766
1633334891.0729015,0.08951644599437714,0.15206852555274963,0.0832836851477623,0.4745507538318634,0.018901413306593895,0.1816791296005249
1633334891.1969094,0.0912245661020279,0.14891546964645386,0.10610878467559814,0.4772854745388031,0.024457057937979698,0.15200866758823395
1633334891.6820085,0.1049237847328186,0.16179265081882477,0.07330352067947388,0.48213088512420654,0.023889878764748573,0.1539592146873474
1633334891.8176358,0.10882418602705002,0.18436627089977264,0.05402722582221031,0.4717356562614441,0.029521729797124863,0.15152493119239807
1633334892.033688,0.09355369210243225,0.1454903781414032,0.13070538640022278,0.4763404130935669,0.022893166169524193,0.1310170292854309
1633334892.203703,0.09393476694822311,0.13261601328849792,0.228104367852211,0.29712897539138794,0.07136304676532745,0.17685279250144958
1633334894.8600416,0.08762644231319427,0.14419139921665192,0.21810027956962585,0.19753281772136688,0.17220021784305573,0.18034875392913818
1633334894.9790385,0.09315986186265945,0.16368547081947327,0.045988742262125015,0.49234911799430847,0.013189723715186119,0.19162698090076447
1633334895.0660834,0.08208637684583664,0.1268479824066162,0.12124395370483398,0.42608606815338135,0.013382616452872753,0.23035302758216858
1633334895.7109349,0.06412237882614136,0.1136825829744339,0.1548970490694046,0.5071242451667786,0.008778924122452736,0.15139485895633698
1633334917.3457696,0.32138338685035706,0.1402357518672943,0.051036637276411057,0.2837076783180237,0.022940805181860924,0.18069574236869812
1633334927.7228293,0.2503792345523834,0.13946020603179932,0.08211169391870499,0.3807075619697571,0.012613574042916298,0.13472777605056763
1633334936.7937117,0.06299345195293427,0.15225450694561005,0.09181295335292816,0.4820438027381897,0.026941580697894096,0.18395373225212097
1633334937.695109,0.09158019721508026,0.17582082748413086,0.05676340311765671,0.4603876769542694,0.0366361103951931,0.17881177365779877
1633334937.8340645,0.07464908808469772,0.14434343576431274,0.12343919277191162,0.5290974378585815,0.02954327128827572,0.0989275574684143
1633334941.8457973,0.06754965335130692,0.13842546939849854,0.04641019552946091,0.6225131154060364,0.011671219021081924,0.11343042552471161
1633334942.0807965,0.05376709997653961,0.12179618328809738,0.04558514431118965,0.6503188014030457,0.004795735236257315,0.12373702228069305
1633334942.6816614,0.09519902616739273,0.19779753684997559,0.0346820130944252,0.5086261630058289,0.036931853741407394,0.12676337361335754
1633334942.7513218,0.11250566691160202,0.2195224165916443,0.029558660462498665,0.47854435443878174,0.049485087394714355,0.11038382351398468
1633334942.919958,0.10422768443822861,0.21770800650119781,0.041624534875154495,0.4057275354862213,0.0867716521024704,0.14394059777259827
1633334991.3798404,0.08826765418052673,0.14087910950183868,0.1496424823999405,0.49449610710144043,0.02761557139456272,0.09909911453723907
1633334991.9052415,0.10689100623130798,0.19158145785331726,0.06374488770961761,0.46525710821151733,0.06060588359832764,0.11191966384649277
1633334992.0302298,0.09896253049373627,0.18014656007289886,0.017073551192879677,0.5770798325538635,0.011073571629822254,0.11566394567489624
1633334992.1492383,0.10005351901054382,0.15865372121334076,0.09482618421316147,0.4811440110206604,0.03603053838014603,0.1292920708656311
1633334992.5762744,0.12295597046613693,0.20264752209186554,0.06148122251033783,0.39561694860458374,0.09180659800767899,0.12549173831939697
1633334992.7013028,0.08917655050754547,0.16209295392036438,0.08367878943681717,0.5104273557662964,0.029706234112381935,0.12491805106401443
1633334992.8258612,0.12926289439201355,0.20216259360313416,0.0422762967646122,0.44049227237701416,0.053465161472558975,0.13234078884124756
1633334992.9478712,0.136968195438385,0.1845763921737671,0.05011141300201416,0.4656159579753876,0.038568902760744095,0.12415917217731476
1633334993.2708952,0.0895242691040039,0.1907760202884674,0.02814101055264473,0.5478538274765015,0.02280997484922409,0.12089487165212631
1633334993.5889199,0.11198253929615021,0.22576187551021576,0.039481449872255325,0.4076805114746094,0.07663749903440475,0.13845610618591309
1633334993.6989284,0.12280149012804031,0.19506306946277618,0.04957180470228195,0.4504718780517578,0.06508982181549072,0.11700186133384705
1633334993.8149436,0.11432167887687683,0.2035658061504364,0.036909427493810654,0.4837782382965088,0.035316143184900284,0.126108780503273
1633334994.0519626,0.13411715626716614,0.19589456915855408,0.04477625712752342,0.48925474286079407,0.04236789420247078,0.0935894325375557
1633334994.3095553,0.1021372452378273,0.18675686419010162,0.049518316984176636,0.5096814632415771,0.03716074675321579,0.11474540084600449
1633334994.588597,0.1235845759510994,0.21065540611743927,0.022574998438358307,0.48614901304244995,0.03440074250102043,0.12263541668653488
1633334994.7176204,0.13139751553535461,0.20727945864200592,0.015134505927562714,0.5300582051277161,0.01937767304480076,0.09675261378288269
1633334994.8376145,0.11603857576847076,0.2042093276977539,0.027421841397881508,0.5125317573547363,0.03595153987407684,0.10384690016508102
1633334995.0696435,0.11111065745353699,0.2365705966949463,0.024029769003391266,0.4133937656879425,0.09456523507833481,0.12033001333475113
1633334995.4306843,0.09602382779121399,0.2012913078069687,0.018914608284831047,0.5499239563941956,0.03291366249322891,0.10093261301517487
1633334995.5457022,0.10520333051681519,0.2045416235923767,0.019224992021918297,0.535978376865387,0.02317587099969387,0.11187583208084106
1633334995.7777195,0.07278282940387726,0.13789233565330505,0.08951575309038162,0.47045817971229553,0.01477829646319151,0.21457266807556152
1633334996.2377548,0.08028359711170197,0.18021531403064728,0.0539097897708416,0.5171775221824646,0.03549373522400856,0.13291999697685242
1633334996.6663918,0.09163600951433182,0.16332702338695526,0.1312461793422699,0.4477549195289612,0.04958036169409752,0.11645549535751343
1633334997.0234442,0.07511644810438156,0.1327454298734665,0.1017916202545166,0.5448578596115112,0.016187649220228195,0.12930095195770264
1633334997.253461,0.09591362625360489,0.19276142120361328,0.04238187521696091,0.5061551928520203,0.03929464519023895,0.12349330633878708
1633334997.3674684,0.07846391946077347,0.165793776512146,0.03575364872813225,0.595729649066925,0.022435002028942108,0.10182398557662964
1633335116.4231868,0.06506934762001038,0.10176083445549011,0.0861358642578125,0.6138826608657837,0.003056333167478442,0.13009504973888397
1633335156.2710948,0.10535334050655365,0.15372249484062195,0.11431608349084854,0.49286970496177673,0.0207781121134758,0.11296025663614273
1633335156.4062235,0.1458270251750946,0.21260780096054077,0.02382510155439377,0.48744598031044006,0.029891667887568474,0.10040249675512314
1633335156.6874106,0.08556254208087921,0.2090049833059311,0.027985146269202232,0.5376101732254028,0.032608747482299805,0.10722839832305908
1633335156.9304435,0.0787336677312851,0.25181645154953003,0.027615675702691078,0.35999980568885803,0.1277753710746765,0.154059037566185
1633335157.025448,0.10266619175672531,0.23046855628490448,0.028258265927433968,0.4589042365550995,0.06387165933847427,0.1158311665058136
1633335157.1994648,0.1026415005326271,0.22416658699512482,0.04450768604874611,0.256336510181427,0.2551555037498474,0.11719217896461487
1633335157.3614807,0.09785982966423035,0.22372780740261078,0.05030681937932968,0.3491111695766449,0.10842346400022507,0.17057090997695923
1633335157.4494832,0.09664475917816162,0.20654211938381195,0.06993209570646286,0.3160249888896942,0.1644238382577896,0.14643217623233795
1633335157.540491,0.10737776756286621,0.23888330161571503,0.06204288825392723,0.34227454662323,0.135517418384552,0.11390414088964462
1633335157.646503,0.09242819994688034,0.20635204017162323,0.09976278245449066,0.2928029000759125,0.14815782010555267,0.16049620509147644
1633335157.7415109,0.1331108957529068,0.2422754019498825,0.02725389041006565,0.3540184199810028,0.12287834286689758,0.12046307325363159
1633335157.83453,0.1057375818490982,0.21974195539951324,0.0469113253057003,0.42994627356529236,0.07192239165306091,0.1257404386997223
1633335157.9305387,0.09777802973985672,0.20549717545509338,0.07424047589302063,0.37029483914375305,0.11847513169050217,0.13371436297893524
1633335158.0225437,0.07296913862228394,0.20779673755168915,0.0907282903790474,0.39151841402053833,0.0748794823884964,0.1621078997850418
1633335158.1175508,0.12073872238397598,0.2201557457447052,0.04291776567697525,0.4256858229637146,0.0793503150343895,0.11115166544914246
1633335158.3736773,0.09092400223016739,0.2124546319246292,0.039599642157554626,0.37928491830825806,0.10191210359334946,0.17582468688488007
1633335158.4706838,0.0998208150267601,0.19093269109725952,0.12412145733833313,0.3086242079734802,0.13818958401679993,0.1383112519979477
1633335158.5696917,0.1108950600028038,0.20282018184661865,0.05930320918560028,0.38617509603500366,0.0753302276134491,0.16547617316246033
1633335158.7617116,0.08333153277635574,0.223379984498024,0.10736875981092453,0.3627799153327942,0.08411211520433426,0.13902772963047028
1633335159.1824665,0.08265643566846848,0.15973129868507385,0.03682037442922592,0.5707600116729736,0.014474012888967991,0.13555791974067688
1633335159.282476,0.08183255791664124,0.16821680963039398,0.14084112644195557,0.27364426851272583,0.1581788957118988,0.17728640139102936
1633335159.4668844,0.08723541349172592,0.185415580868721,0.03260790556669235,0.5079239010810852,0.02348729409277439,0.16332988440990448
1633335159.7999136,0.07746665924787521,0.19092270731925964,0.045934487134218216,0.5514596700668335,0.03635963052511215,0.09785681962966919
1633393535.915819,0.060375433415174484,0.1305335909128189,0.014310631901025772,0.7024998664855957,0.002894522389397025,0.08938590437173843
1633393577.755767,0.061022307723760605,0.1254882514476776,0.1644490659236908,0.5380923748016357,0.004155463073402643,0.10679254680871964
1633393782.074494,0.2199256718158722,0.2048584669828415,0.04653405025601387,0.4172292947769165,0.018872594460844994,0.0925799012184143
1633393782.4145193,0.19171293079853058,0.1949036717414856,0.10348095744848251,0.42526450753211975,0.018290961161255836,0.06634698063135147
1633393785.6822886,0.18460814654827118,0.18630988895893097,0.05571964010596275,0.4494822025299072,0.01476200670003891,0.10911813378334045
1633393793.2074962,0.058104921132326126,0.10208890587091446,0.03550279885530472,0.6882999539375305,0.005649680737406015,0.11035376787185669
1633393799.7988622,0.040477216243743896,0.11463483422994614,0.013646511361002922,0.7167418003082275,0.0013667362509295344,0.11313283443450928
1633393848.3601387,0.09971272945404053,0.16423465311527252,0.03440260887145996,0.4635237455368042,0.012354739010334015,0.2257714569568634
1633393849.3282313,0.1245386153459549,0.1399049013853073,0.13565030694007874,0.3861194849014282,0.018198752775788307,0.1955878883600235
1633393849.6522672,0.1016334667801857,0.13640275597572327,0.1002386063337326,0.435053288936615,0.011835933662950993,0.21483595669269562
1633393850.414326,0.09176091104745865,0.1592407375574112,0.10987825691699982,0.4251503348350525,0.021691905334591866,0.19227784872055054
1633393851.9858768,0.10271122306585312,0.15524451434612274,0.09452177584171295,0.48366108536720276,0.013288678601384163,0.15057267248630524
1633393852.9296522,0.10335171967744827,0.15256965160369873,0.04634564369916916,0.4561436176300049,0.010137557983398438,0.2314518243074417
1633393853.18737,0.08291123807430267,0.10764675587415695,0.2668083608150482,0.3672720789909363,0.014889559708535671,0.1604720950126648
1633393854.491961,0.08318009972572327,0.1263599544763565,0.09420867264270782,0.45864662528038025,0.008864274248480797,0.22874048352241516
1633393854.952004,0.08254867792129517,0.10536428540945053,0.2374737709760666,0.33194541931152344,0.014035913161933422,0.22863194346427917
1633393858.6760871,0.1662702113389969,0.18084265291690826,0.03639836981892586,0.4223948121070862,0.022961901500821114,0.17113205790519714
1633393858.9051228,0.07095751911401749,0.1509644240140915,0.12124289572238922,0.3931299149990082,0.0361797995865345,0.22752536833286285
1633393861.025317,0.09820124506950378,0.11733832210302353,0.1689760386943817,0.3499841094017029,0.014959740452468395,0.25054049491882324
1633393885.710172,0.14691567420959473,0.11370047181844711,0.12424228340387344,0.37598785758018494,0.007383022923022509,0.2317706197500229
1633393890.5613067,0.08707256615161896,0.139698788523674,0.07736944407224655,0.5196033716201782,0.00855571124702692,0.16770006716251373
1633393890.673314,0.08588651567697525,0.11840042471885681,0.10602667182683945,0.4565158784389496,0.0072431378066539764,0.22592736780643463
1633393912.2510939,0.10087542235851288,0.1801086664199829,0.054910775274038315,0.5536422729492188,0.02348252944648266,0.08698028326034546
1633393912.4938924,0.08752335608005524,0.11376826465129852,0.10259731858968735,0.4714961051940918,0.006341001484543085,0.21827395260334015
1633652622.3770971,0.21674326062202454,0.21102109551429749,0.018224308267235756,0.19066523015499115,0.23338018357753754,0.12996593117713928
1633652623.6332345,0.12133778631687164,0.20126517117023468,0.03980368748307228,0.40636152029037476,0.10223923623561859,0.12899258732795715
1633652623.7442431,0.10528691858053207,0.18466755747795105,0.03901483118534088,0.4787037968635559,0.057424597442150116,0.13490229845046997
1633652623.8757393,0.1083853468298912,0.19812516868114471,0.03538549318909645,0.4093516767024994,0.10245253145694733,0.1462998390197754
1633652624.0047503,0.07367326319217682,0.15009403228759766,0.08920324593782425,0.5108370184898376,0.03399249166250229,0.14219999313354492
1633652624.124757,0.07433100789785385,0.1663714200258255,0.05918117240071297,0.5206727981567383,0.0393279567360878,0.14011572301387787
1633652624.232766,0.09078334271907806,0.1709466129541397,0.06639281660318375,0.4538203179836273,0.0628342479467392,0.15522263944149017
1633652624.3457742,0.0795644074678421,0.1825421303510666,0.0533512718975544,0.4503067135810852,0.0754915326833725,0.15874391794204712
1633652624.4647825,0.12242530286312103,0.17502370476722717,0.07988041639328003,0.22628602385520935,0.2550342082977295,0.14135029911994934
1633652624.592069,0.12445859611034393,0.21351052820682526,0.03268388658761978,0.3273114562034607,0.16994401812553406,0.13209138810634613
1633652624.710078,0.12333007156848907,0.21386010944843292,0.026132527738809586,0.2810194194316864,0.21588973701000214,0.1397681087255478
1633652624.8180838,0.10374873131513596,0.19751912355422974,0.06414426118135452,0.28249600529670715,0.22067108750343323,0.13142067193984985
1633652624.9230912,0.10712696611881256,0.20672188699245453,0.05593796446919441,0.24548590183258057,0.2819909155368805,0.10273638367652893
1633652625.0411005,0.10940273106098175,0.19045224785804749,0.05267830193042755,0.2733532190322876,0.2222718745470047,0.1518416404724121
1633652625.1571095,0.11587142944335938,0.1897447109222412,0.05290210619568825,0.22317902743816376,0.2808396518230438,0.1374630481004715
1633652625.2771184,0.14321735501289368,0.18542292714118958,0.06443457305431366,0.2546303868293762,0.2144511640071869,0.137843519449234
1633652625.426792,0.11218686401844025,0.171685591340065,0.08592920750379562,0.3615219295024872,0.09937698394060135,0.16929936408996582
1633652626.8062198,0.06097808852791786,0.15323786437511444,0.1473018378019333,0.3702402114868164,0.08072292059659958,0.18751902878284454
1633652626.9112277,0.07583191990852356,0.134194016456604,0.13721485435962677,0.3722464442253113,0.05192217975854874,0.22859060764312744
1633652627.0112367,0.08963693678379059,0.10920878499746323,0.1853063851594925,0.33704349398612976,0.028251487761735916,0.2505529522895813
1633652627.1368449,0.05229709669947624,0.12246119230985641,0.10848641395568848,0.5315154194831848,0.01909731887280941,0.1661425083875656
1633652627.2418535,0.07719605416059494,0.11269847303628922,0.16148591041564941,0.44957566261291504,0.017851585522294044,0.1811923235654831
1633652627.34686,0.10494599491357803,0.13557715713977814,0.18192246556282043,0.38415536284446716,0.049884747713804245,0.14351427555084229
1633652627.468869,0.06727714091539383,0.13297386467456818,0.15530116856098175,0.4022078216075897,0.040846940129995346,0.20139309763908386
1633652627.5798771,0.0822812020778656,0.11362917721271515,0.22294524312019348,0.3707050383090973,0.028829609975218773,0.18160966038703918
1633652627.6908867,0.07474328577518463,0.12160547822713852,0.28791525959968567,0.30284833908081055,0.06886826455593109,0.14401935040950775
1633652627.8238997,0.08016745746135712,0.12988120317459106,0.2718847692012787,0.27563852071762085,0.0773351788520813,0.16509288549423218
1633652627.9299078,0.07626961171627045,0.1329425573348999,0.1885310560464859,0.26797541975975037,0.08453415334224701,0.249747171998024
1633652628.0449157,0.06904198974370956,0.17350484430789948,0.09835328906774521,0.4087652266025543,0.07591290771961212,0.1744217723608017
1633652628.1649249,0.08077121526002884,0.15606094896793365,0.13862667977809906,0.3967602252960205,0.06025472283363342,0.16752611100673676
1633652628.285934,0.09731092303991318,0.1473315805196762,0.1853276938199997,0.3152848482131958,0.10382826626300812,0.15091674029827118
1633652628.3999414,0.06074705347418785,0.1009267196059227,0.3820546865463257,0.30669790506362915,0.046778835356235504,0.1027948185801506
1633652629.2068148,0.056857120245695114,0.12065231055021286,0.10882753878831863,0.41917213797569275,0.022897880524396896,0.2715929448604584
1633652636.7220545,0.054280806332826614,0.11842585355043411,0.14454899728298187,0.4493308663368225,0.02690235897898674,0.20651119947433472
1633652636.8380642,0.08427423983812332,0.13542234897613525,0.14619790017604828,0.4190292954444885,0.038933586329221725,0.1761426031589508
1633652636.9460711,0.07951810956001282,0.14165045320987701,0.1586982011795044,0.34540313482284546,0.07258196920156479,0.20214813947677612
1633652637.064081,0.07318907976150513,0.13855575025081635,0.14849627017974854,0.3974284529685974,0.047727540135383606,0.19460290670394897
1633652637.1690876,0.07004949450492859,0.1638946384191513,0.1130158007144928,0.25094982981681824,0.17185993492603302,0.23023024201393127
1633652637.2820976,0.09912023693323135,0.14107505977153778,0.18801090121269226,0.3624844551086426,0.0555884912610054,0.15372078120708466
1633652637.414847,0.091293565928936,0.15408338606357574,0.14043866097927094,0.3747021555900574,0.074689120054245,0.164792999625206
1633652637.531855,0.07648549973964691,0.14495660364627838,0.16270902752876282,0.41698694229125977,0.05175375938415527,0.14710816740989685
1633652637.6408632,0.07422062754631042,0.130486860871315,0.19743336737155914,0.2799418270587921,0.08167064934968948,0.23624669015407562
1633652637.7448714,0.11490920931100845,0.160345658659935,0.09414757788181305,0.4087437391281128,0.05171012505888939,0.17014367878437042
1633652637.8648808,0.07068198919296265,0.1365349292755127,0.11375061422586441,0.5071319341659546,0.022964054718613625,0.1489364206790924
1633652637.980888,0.07962581515312195,0.127229243516922,0.270002543926239,0.3169216513633728,0.05529071018099785,0.15093009173870087
1633652638.0888953,0.057755377143621445,0.09558964520692825,0.255191445350647,0.4166417419910431,0.010240186005830765,0.16458158195018768
1633652638.613946,0.08155495673418045,0.14191825687885284,0.17874695360660553,0.34172096848487854,0.07571199536323547,0.18034683167934418
1633652638.7269528,0.06329141557216644,0.11698627471923828,0.12898468971252441,0.5035775303840637,0.01476855669170618,0.17239156365394592
1633652638.834963,0.07952017337083817,0.1203186959028244,0.19573132693767548,0.41305533051490784,0.027367012575268745,0.16400741040706635
1633652638.9429693,0.05949218571186066,0.13225139677524567,0.08330275863409042,0.5574809908866882,0.019787339493632317,0.14768534898757935
1633652639.0409772,0.08686747401952744,0.12710759043693542,0.2479918897151947,0.3311425745487213,0.05366108566522598,0.15322940051555634
1633652639.1779902,0.060619987547397614,0.10216763615608215,0.29390934109687805,0.3493826389312744,0.028204478323459625,0.16571593284606934
1633652639.2989962,0.10379745811223984,0.12683363258838654,0.06771133095026016,0.3701082468032837,0.02131195180118084,0.310237318277359
1633652639.4110038,0.046777255833148956,0.11453762650489807,0.0913110077381134,0.5751528739929199,0.013814539648592472,0.15840671956539154
1633652639.5240133,0.09776357561349869,0.1326659917831421,0.24989168345928192,0.24623550474643707,0.10509790480136871,0.1683453619480133
1633652639.6360204,0.05906093865633011,0.11728092283010483,0.21463574469089508,0.33925825357437134,0.039297036826610565,0.23046709597110748
1633652639.8620465,0.09490225464105606,0.11721629649400711,0.20779287815093994,0.33025938272476196,0.03580619394779205,0.21402297914028168
1633652640.469094,0.07265736162662506,0.12774816155433655,0.19914934039115906,0.387764036655426,0.03966977074742317,0.17301130294799805
1633652640.5871017,0.06482793390750885,0.11325690150260925,0.2592400312423706,0.3640317916870117,0.033915769308805466,0.1647276133298874
1633652640.6981122,0.05944076552987099,0.08019854128360748,0.3222152888774872,0.39291879534721375,0.008628955110907555,0.13659755885601044
1633652640.8261323,0.0716807171702385,0.13321536779403687,0.20901444554328918,0.26600226759910583,0.10092967748641968,0.21915747225284576
1633652641.0367458,0.06951605528593063,0.11322275549173355,0.2550209164619446,0.4134981632232666,0.028283877298235893,0.12045837193727493
1633652641.1580598,0.07272135466337204,0.12686610221862793,0.20704464614391327,0.36125248670578003,0.046376246958971024,0.1857391744852066
1633652641.2790678,0.08452063798904419,0.1294308751821518,0.10775596648454666,0.46298399567604065,0.017208481207489967,0.19810006022453308
1633652641.4010775,0.07240518182516098,0.11559265851974487,0.261614590883255,0.34125325083732605,0.0427447110414505,0.16638970375061035
1633652641.5230858,0.06600943207740784,0.09157216548919678,0.3177718222141266,0.3872220814228058,0.012708927504718304,0.12471562623977661
1633652641.6270921,0.07580892741680145,0.11039848625659943,0.22516582906246185,0.43710264563560486,0.015242102555930614,0.13628199696540833
1633652641.7401006,0.06565380841493607,0.12633933126926422,0.17296470701694489,0.45963141322135925,0.023128341883420944,0.1522824615240097
1633652641.948122,0.06443563848733902,0.09446574002504349,0.19152693450450897,0.4497145414352417,0.00845397636294365,0.1914031207561493
1633652642.057131,0.07721838355064392,0.11422805488109589,0.2672319710254669,0.36658066511154175,0.0292520672082901,0.145488902926445
1633652642.171139,0.07070939987897873,0.1307969093322754,0.11335135251283646,0.4513850808143616,0.02897702157497406,0.20478025078773499
1633652642.534176,0.06965639442205429,0.1364658772945404,0.14808979630470276,0.4496496021747589,0.03191342577338219,0.16422495245933533
1633652642.6721907,0.06939885765314102,0.10764763504266739,0.24937163293361664,0.360785573720932,0.023388270288705826,0.18940803408622742
1633652643.1527324,0.07581272721290588,0.1534000188112259,0.1885904222726822,0.22787410020828247,0.1731722056865692,0.18115057051181793
1633652643.2667396,0.05642049387097359,0.10758402198553085,0.2241165190935135,0.4235577881336212,0.015139219351112843,0.17318196594715118
1633652643.7967827,0.09753170609474182,0.12819908559322357,0.2177649885416031,0.3218916058540344,0.06111326441168785,0.17349930107593536
1633652643.9077878,0.06158377230167389,0.12359809130430222,0.11456957459449768,0.4733428359031677,0.01754572242498398,0.2093600183725357
1633652644.0389233,0.06565390527248383,0.12382827699184418,0.14543984830379486,0.3366186022758484,0.046774424612522125,0.2816849648952484
1633652644.1649332,0.05161929503083229,0.10503235459327698,0.1733786016702652,0.4613719582557678,0.011912194080650806,0.1966855227947235
1633652644.2829428,0.0668577253818512,0.13073323667049408,0.10542836785316467,0.439218133687973,0.02699524350464344,0.23076723515987396
1633652644.410955,0.05497226491570473,0.10995009541511536,0.19048510491847992,0.40833595395088196,0.029944678768515587,0.20631195604801178
1633652644.751983,0.057083383202552795,0.12117661535739899,0.1303965151309967,0.382262259721756,0.027959903702139854,0.28112131357192993
1633652644.859994,0.04968180134892464,0.10426376760005951,0.23204749822616577,0.2808223068714142,0.049715857952833176,0.2834688127040863
1633652644.9789999,0.06562958657741547,0.1078111007809639,0.2595013678073883,0.3382309377193451,0.03260697051882744,0.19622007012367249
1633652645.0960085,0.05310472100973129,0.12327257543802261,0.23937539756298065,0.29458898305892944,0.07184448838233948,0.21781381964683533
1633652645.1990159,0.062264103442430496,0.1270628422498703,0.15497291088104248,0.4393004775047302,0.033779580146074295,0.1826200634241104
1633652645.3180249,0.057634223252534866,0.11447466164827347,0.08257514983415604,0.5302469730377197,0.009525194764137268,0.20554383099079132
1633652645.5425532,0.05359864607453346,0.13853490352630615,0.11017893999814987,0.3387483060359955,0.06705820560455322,0.2918809950351715
1633652645.6785786,0.06738808006048203,0.1384434551000595,0.12670283019542694,0.3131279945373535,0.08178813010454178,0.27254951000213623
1633652645.8085816,0.051037419587373734,0.10691983997821808,0.10098323971033096,0.36395445466041565,0.019778558984398842,0.357326477766037
1633652645.9386053,0.049465954303741455,0.11210174113512039,0.11735361814498901,0.450379878282547,0.016534170135855675,0.2541647255420685
1633652646.0726168,0.06543479859828949,0.1272115856409073,0.12727943062782288,0.3988901972770691,0.037587277591228485,0.24359668791294098
1633652646.179625,0.04960675910115242,0.1135544627904892,0.16927015781402588,0.3934381306171417,0.028536701574921608,0.24559369683265686
1633652646.293138,0.06499224901199341,0.13424481451511383,0.19147057831287384,0.3202669322490692,0.06106121838092804,0.2279641479253769
1633652646.4231796,0.060071058571338654,0.15617278218269348,0.10988443344831467,0.26004934310913086,0.14592847228050232,0.2678939700126648
1633652646.5301862,0.07886242121458054,0.1297396719455719,0.13534022867679596,0.3062314987182617,0.07206665724515915,0.27775949239730835
1633652646.6501997,0.07383137196302414,0.12046577036380768,0.26178279519081116,0.25631019473075867,0.07427377998828888,0.21333615481853485
1633652646.765221,0.08316995948553085,0.13376177847385406,0.25786277651786804,0.25154566764831543,0.10722082108259201,0.1664389669895172
1633652646.8832304,0.07021350413560867,0.12220988422632217,0.30399978160858154,0.2226150780916214,0.10941077768802643,0.1715509593486786
1633652646.995239,0.12796348333358765,0.14346380531787872,0.054496508091688156,0.4199972152709961,0.020235082134604454,0.23384389281272888
1633652647.1192493,0.0634421706199646,0.10445142537355423,0.3645661771297455,0.23860730230808258,0.05463289096951485,0.174299955368042
1633652647.3382697,0.09147142618894577,0.14117839932441711,0.2038058638572693,0.2499805986881256,0.1297558695077896,0.1838078647851944
1633652647.4592798,0.07950048893690109,0.1594897359609604,0.1507861465215683,0.3197944760322571,0.11539307981729507,0.17503608763217926
1633652647.681297,0.10329698026180267,0.14240118861198425,0.13679416477680206,0.35141855478286743,0.05770576372742653,0.20838341116905212
1633652647.9130387,0.06806964427232742,0.1227269247174263,0.16069048643112183,0.4734084904193878,0.017342930659651756,0.15776152908802032
1633652648.6311052,0.09862020611763,0.16216176748275757,0.10395868122577667,0.31317782402038574,0.10335362702608109,0.21872779726982117
1633652649.1401608,0.10857684910297394,0.16877813637256622,0.08855380117893219,0.29200559854507446,0.1250605285167694,0.2170250415802002
1633652663.6323957,0.08584610372781754,0.1645350605249405,0.12031182646751404,0.2672061622142792,0.12178310751914978,0.2403177171945572
1633652665.3333302,0.06198437884449959,0.12360081076622009,0.1460007131099701,0.4618203938007355,0.018430642783641815,0.18816307187080383
1633652665.6753645,0.05974569171667099,0.1337767094373703,0.22654913365840912,0.19953285157680511,0.14453406631946564,0.23586153984069824
1633652666.1748338,0.11502958089113235,0.19706715643405914,0.058735113590955734,0.359259694814682,0.12797288596630096,0.14193551242351532
1633652666.2818415,0.09400332719087601,0.17976103723049164,0.08232865482568741,0.43949320912361145,0.08234228938817978,0.12207145988941193
1633652667.4424481,0.07072140276432037,0.10969489812850952,0.11135008931159973,0.5054080486297607,0.010240273550152779,0.1925853192806244
1633652667.5554578,0.06437628716230392,0.14768554270267487,0.08801794052124023,0.5074926614761353,0.030257688835263252,0.16216982901096344
1633652667.6604643,0.07178104668855667,0.11114773899316788,0.18234510719776154,0.46785300970077515,0.01552984956651926,0.15134327113628387
1633652667.7674718,0.07850148528814316,0.14530883729457855,0.1267433911561966,0.4230343997478485,0.055174391716718674,0.1712375432252884
1633652667.8685038,0.07825513184070587,0.12332666665315628,0.1267143040895462,0.44762200117111206,0.02135278843343258,0.20272918045520782
1633652667.9915106,0.08009786158800125,0.13154302537441254,0.13104236125946045,0.4508707821369171,0.027942322194576263,0.1785035878419876
1633652668.1055222,0.05317942053079605,0.1527460813522339,0.05720990151166916,0.5432603359222412,0.02790171653032303,0.16570250689983368
1633652668.2115285,0.07984353601932526,0.13707630336284637,0.13612328469753265,0.3979370892047882,0.04950116574764252,0.19951865077018738
1633652668.3135378,0.07807614654302597,0.14653639495372772,0.09989097714424133,0.3830929398536682,0.06880529969930649,0.22359828650951385
1633652668.4265475,0.13776586949825287,0.1390991359949112,0.12191600352525711,0.3604492247104645,0.0456760935485363,0.19509367644786835
1633652668.5385704,0.05857846885919571,0.12530215084552765,0.08015130460262299,0.5465371608734131,0.018197666853666306,0.17123322188854218
1633652668.6505787,0.09289399534463882,0.1395428627729416,0.087741419672966,0.46165212988853455,0.02849487029016018,0.18967470526695251
1633652668.8445914,0.07956987619400024,0.14815998077392578,0.08451054990291595,0.39509350061416626,0.055585816502571106,0.23708027601242065
1633652668.9506,0.09369237720966339,0.15204793214797974,0.10686757415533066,0.3690682351589203,0.07858309894800186,0.19974073767662048
1633652669.135614,0.07961127907037735,0.13795696198940277,0.09825462847948074,0.5088159441947937,0.02602447010576725,0.1493368148803711
1633652669.2346213,0.07997899502515793,0.11572179198265076,0.09398003667593002,0.542922854423523,0.010235637426376343,0.1571606695652008
1633652669.33163,0.07438769191503525,0.12915994226932526,0.09777147322893143,0.5075759291648865,0.020292242988944054,0.170812726020813
1633652669.4551349,0.07844433933496475,0.12564031779766083,0.161411315202713,0.4118540287017822,0.030710948631167412,0.1919390708208084
1633652669.6631513,0.055647194385528564,0.13202933967113495,0.032033927738666534,0.6170728206634521,0.012869901023805141,0.1503467857837677
1633652669.7760344,0.08290235698223114,0.14547067880630493,0.15001922845840454,0.4201847016811371,0.0560709685087204,0.1453520804643631
1633652669.905561,0.06272946298122406,0.11396811902523041,0.2197703719139099,0.4373086392879486,0.02734208293259144,0.1388813853263855
1633652670.0115695,0.05058789253234863,0.10704760998487473,0.11077519506216049,0.5705367922782898,0.009051037952303886,0.1520015448331833
1633652670.1285791,0.047175630927085876,0.09859802573919296,0.20102547109127045,0.4406796991825104,0.020397596061229706,0.19212347269058228
1633652670.2425861,0.05412965640425682,0.1415373831987381,0.05693984404206276,0.5167922377586365,0.027279682457447052,0.2033212035894394
1633652670.3685095,0.0608970932662487,0.09934087842702866,0.19887670874595642,0.439407616853714,0.014012823812663555,0.18746483325958252
1633652670.5780284,0.07132531702518463,0.11126191914081573,0.21968500316143036,0.34623637795448303,0.03846381977200508,0.21302758157253265
1633652670.6810367,0.06244197115302086,0.08207612484693527,0.2326480597257614,0.49785205721855164,0.005581634119153023,0.11940015852451324
1633652670.979063,0.06589439511299133,0.10884010046720505,0.14178304374217987,0.47569718956947327,0.015684202313423157,0.19210100173950195
1633652671.1700783,0.04578600823879242,0.08472933620214462,0.11817477643489838,0.6290388703346252,0.005178503692150116,0.1170925498008728
1633652671.4936604,0.06648282706737518,0.09466683864593506,0.12692947685718536,0.5383010506629944,0.006416902877390385,0.1672028750181198
1633652671.6251774,0.08642391115427017,0.1136438325047493,0.10742664337158203,0.4091499447822571,0.01765122078359127,0.26570451259613037
1633652671.894197,0.07596926391124725,0.10732840746641159,0.10570023953914642,0.4916505813598633,0.010404309257864952,0.20894719660282135
1633652672.2090054,0.05690745264291763,0.09634461998939514,0.19901394844055176,0.4588720500469208,0.013334340415894985,0.17552760243415833
1633652672.611686,0.06210130825638771,0.09946414828300476,0.22843247652053833,0.4502359926700592,0.015371892601251602,0.14439411461353302
1633652672.8517025,0.05084976926445961,0.09360858052968979,0.2633621096611023,0.4078165590763092,0.016424795612692833,0.16793827712535858
1633652672.955711,0.06274670362472534,0.11259862035512924,0.2021365612745285,0.4428635537624359,0.020945822820067406,0.15870881080627441
1633652673.254744,0.05910485237836838,0.07977081090211868,0.3092534840106964,0.4264523684978485,0.006764255929738283,0.11865423619747162
1633652673.4337587,0.05822194740176201,0.12120336294174194,0.061175793409347534,0.5996300578117371,0.012719009071588516,0.1470499038696289
1633652673.6287735,0.06370159238576889,0.10764941573143005,0.23444825410842896,0.40093812346458435,0.024555986747145653,0.16870653629302979
1633652673.7530265,0.07065518945455551,0.09250370413064957,0.3159307539463043,0.3560818135738373,0.023392722010612488,0.14143584668636322
1633652673.8670332,0.06436032056808472,0.08815670758485794,0.1582384556531906,0.5231688618659973,0.005194567609578371,0.16088108718395233
1633652674.1495597,0.07391476631164551,0.10396777838468552,0.15257002413272858,0.4732327461242676,0.008608158677816391,0.18770647048950195
1633652674.251567,0.05811794847249985,0.08059967309236526,0.205922469496727,0.5154178738594055,0.00525342533364892,0.13468872010707855
1633652674.3555734,0.0725022703409195,0.07745436578989029,0.20797115564346313,0.518136203289032,0.00313858431763947,0.12079740315675735
1633652674.459582,0.0713975578546524,0.10031510144472122,0.1688094288110733,0.42991796135902405,0.013531091623008251,0.2160288542509079
1633652674.5825925,0.060817018151283264,0.12377950549125671,0.0929349735379219,0.4848443269729614,0.018350878730416298,0.21927326917648315
1633652674.701601,0.05858077108860016,0.124456025660038,0.12193754315376282,0.44443821907043457,0.02824450097978115,0.22234292328357697
1633652674.8140256,0.05487952008843422,0.08342026174068451,0.23373207449913025,0.4636009633541107,0.007179029285907745,0.15718820691108704
1633652674.9230351,0.056815482676029205,0.08038658648729324,0.3021387755870819,0.3901723623275757,0.011122159659862518,0.15936461091041565
1633652675.0290425,0.057799939066171646,0.10679212957620621,0.1462111622095108,0.4872851073741913,0.012540928088128567,0.1893707513809204
1633652675.1330504,0.0636262446641922,0.12819361686706543,0.14307518303394318,0.430309921503067,0.035890739411115646,0.198904350399971
1633652675.2330585,0.058172211050987244,0.09265482425689697,0.23148472607135773,0.45730000734329224,0.012304171919822693,0.1480841040611267
1633652675.3640673,0.06260194629430771,0.128715381026268,0.12550577521324158,0.4187973141670227,0.031035641208291054,0.23334403336048126
1633652675.4900944,0.0671175941824913,0.09633500874042511,0.20886440575122833,0.4055306017398834,0.016339488327503204,0.2058129459619522
1633652675.6171033,0.0646011233329773,0.11602330952882767,0.24890998005867004,0.4038611948490143,0.038131970912218094,0.12847237288951874
1633652675.7311122,0.09038759768009186,0.12158775329589844,0.2230168581008911,0.347728967666626,0.040101975202560425,0.17717687785625458
1633652675.8670135,0.08793420344591141,0.12808223068714142,0.18908441066741943,0.4382858872413635,0.03177420794963837,0.12483900785446167
1633652676.1570356,0.06668759882450104,0.13272994756698608,0.07539477199316025,0.5389573574066162,0.016530442982912064,0.16969992220401764
1633652676.2710428,0.09545750170946121,0.12711849808692932,0.08697590976953506,0.48348769545555115,0.01558991614729166,0.19137042760849
1633652676.3790507,0.08673563599586487,0.14287099242210388,0.03966303542256355,0.5199474096298218,0.016993369907140732,0.1937895119190216
1633652678.1929636,0.07737190276384354,0.155047208070755,0.15386195480823517,0.3793681263923645,0.0810500979423523,0.15330064296722412
1633652678.3499763,0.08634447306394577,0.15628308057785034,0.12935581803321838,0.32496440410614014,0.08860942721366882,0.21444275975227356
1633652678.49499,0.0635620579123497,0.18229185044765472,0.04751607030630112,0.43414443731307983,0.06549383699893951,0.20699180662631989
1633652678.6189961,0.07545465975999832,0.17397291958332062,0.13046589493751526,0.35805395245552063,0.10293901711702347,0.1591135859489441
1633652678.7720017,0.07587017118930817,0.12628059089183807,0.2523863911628723,0.33259785175323486,0.05299242585897446,0.15987259149551392
1633652678.7890034,0.08451991528272629,0.1480095386505127,0.041623763740062714,0.5306116342544556,0.0061066350899636745,0.18912841379642487
1633652678.9210134,0.08497955650091171,0.14215649664402008,0.19224070012569427,0.3207928538322449,0.07643917948007584,0.1833912432193756
1633652679.0850306,0.08924969285726547,0.19932618737220764,0.07374253123998642,0.4302559792995453,0.07310207933187485,0.13432346284389496
1633652679.192041,0.10042489320039749,0.2177494317293167,0.07273218035697937,0.30153191089630127,0.1641661822795868,0.14339540898799896
1633652679.8279133,0.07324729114770889,0.1670125424861908,0.037632934749126434,0.08526355028152466,0.5460468530654907,0.09079684317111969
1633652680.066931,0.07514353841543198,0.15634828805923462,0.12702153623104095,0.26312997937202454,0.11353201419115067,0.2648247182369232
1633652680.2059412,0.0731130912899971,0.13977086544036865,0.22188712656497955,0.312193900346756,0.07139689475297928,0.18163809180259705
1633652680.333951,0.07354767620563507,0.164423868060112,0.1578473597764969,0.26902341842651367,0.1372862309217453,0.19787144660949707
1633652680.45296,0.0978686660528183,0.20977482199668884,0.08173825591802597,0.21129854023456573,0.290567547082901,0.10875220596790314
1633652680.5699685,0.11476314812898636,0.19206398725509644,0.058056607842445374,0.2569064497947693,0.25222718715667725,0.1259826123714447
1633652680.6749768,0.10781276971101761,0.17542284727096558,0.13991527259349823,0.27549540996551514,0.13152764737606049,0.16982606053352356
1633652680.7799902,0.12462712079286575,0.194572314620018,0.07118615508079529,0.21190623939037323,0.26734790205955505,0.13036029040813446
1633652681.6110697,0.11779790371656418,0.17399698495864868,0.133585587143898,0.21001455187797546,0.2404121309518814,0.12419285625219345
1633652681.8615954,0.07512003183364868,0.15274402499198914,0.15160304307937622,0.2818642556667328,0.09994633495807648,0.23872223496437073
1633652681.9746046,0.0762379989027977,0.17441146075725555,0.08292879164218903,0.318509042263031,0.12969711422920227,0.21821551024913788
1633652685.0802326,0.06999604403972626,0.13990738987922668,0.06131523475050926,0.41788730025291443,0.024681158363819122,0.2862127721309662
1633652686.6439645,0.08071115612983704,0.12532615661621094,0.1950685977935791,0.3494955599308014,0.054311543703079224,0.19508692622184753
1633652686.8029768,0.07635661214590073,0.11914658546447754,0.1437532603740692,0.44348061084747314,0.01917695254087448,0.19808590412139893
1633652686.9149847,0.06518932431936264,0.11394801735877991,0.18067395687103271,0.411607027053833,0.02679249830543995,0.20178914070129395
1633652687.102999,0.06374384462833405,0.14881658554077148,0.11520921438932419,0.3981095254421234,0.05057656392455101,0.22354426980018616
1633652687.38902,0.06976931542158127,0.12476429343223572,0.09680616110563278,0.5097421407699585,0.018604125827550888,0.18031394481658936
1633652687.504028,0.06304973363876343,0.1049690991640091,0.18313556909561157,0.4834400415420532,0.011479860171675682,0.15392577648162842
1633652687.6970427,0.05545487999916077,0.0943504199385643,0.206521138548851,0.49655526876449585,0.008454414084553719,0.13866381347179413
1633652687.7940555,0.06195947155356407,0.12251666933298111,0.13707689940929413,0.5037378668785095,0.019803544506430626,0.15490558743476868
1633652689.6679497,0.08039245754480362,0.13093873858451843,0.15182814002037048,0.4470677375793457,0.031797394156455994,0.15797558426856995
1633652689.771957,0.08182194828987122,0.11492712050676346,0.18026231229305267,0.4775649607181549,0.017860187217593193,0.1275634616613388
1633652689.871964,0.06454645842313766,0.10190548747777939,0.2360800802707672,0.409423828125,0.015689289197325706,0.1723548173904419
1633652689.9789717,0.09451759606599808,0.12048254907131195,0.20758944749832153,0.43035441637039185,0.02083653397858143,0.1262194812297821
1633652690.111983,0.06124745309352875,0.0958704948425293,0.24974118173122406,0.3972448408603668,0.013268137350678444,0.18262800574302673
1633652690.2279906,0.07663486152887344,0.10812878608703613,0.19998520612716675,0.4378361999988556,0.016508949920535088,0.16090600192546844
1633652690.353,0.11421819776296616,0.12582573294639587,0.1709156632423401,0.36916595697402954,0.03699706122279167,0.18287736177444458
1633652690.490359,0.0887361392378807,0.13990774750709534,0.11976976692676544,0.47777438163757324,0.03222706541419029,0.14158488810062408
1633652692.060066,0.08567971736192703,0.17367370426654816,0.11051015555858612,0.3655043840408325,0.10443668812513351,0.16019532084465027
1633652692.166074,0.11923952400684357,0.17329096794128418,0.0837363749742508,0.4166511595249176,0.07125485688447952,0.13582707941532135
1633652692.2720838,0.09325925260782242,0.16993579268455505,0.09479541331529617,0.41064000129699707,0.0849127471446991,0.14645688235759735
1633652692.3880904,0.09500271081924438,0.16149380803108215,0.09004775434732437,0.45998436212539673,0.05138669162988663,0.14208467304706573
1633652692.6201088,0.09185414761304855,0.15863291919231415,0.07744249701499939,0.43907395005226135,0.05265034735202789,0.1803460419178009
1633652692.937131,0.10586606711149216,0.13736747205257416,0.16374705731868744,0.38233059644699097,0.03977133706212044,0.1709173619747162
1633652693.0995712,0.0684126615524292,0.15046368539333344,0.042248714715242386,0.5694507360458374,0.017640944570302963,0.15178325772285461
1633652693.2115805,0.1005869209766388,0.1533525139093399,0.13865117728710175,0.2742471992969513,0.13203589618206024,0.2011263221502304
1633652693.3301396,0.08852124959230423,0.15832658112049103,0.11960358917713165,0.3392055034637451,0.08958330750465393,0.20475970208644867
1633652693.4381464,0.09253691881895065,0.1876576691865921,0.08098343759775162,0.2014373540878296,0.325553834438324,0.11183082312345505
1633652693.5521548,0.0815712958574295,0.19604137539863586,0.07450944930315018,0.34511280059814453,0.1551925539970398,0.14757241308689117
1633652693.6751642,0.0703037679195404,0.179748073220253,0.07574594020843506,0.45794230699539185,0.0622088685631752,0.15405113995075226
1633652693.7831712,0.09800181537866592,0.19922342896461487,0.04174242168664932,0.25100085139274597,0.2908441722393036,0.11918731778860092
1633652693.8951802,0.12008652091026306,0.22157150506973267,0.03832176327705383,0.44918161630630493,0.08101940900087357,0.08981919288635254
1633652694.0031877,0.09487274289131165,0.21188466250896454,0.041219111531972885,0.4038766622543335,0.13051585853099823,0.11763087660074234
1633652694.1161962,0.11644202470779419,0.20313242077827454,0.03647030517458916,0.3746137022972107,0.10040539503097534,0.168936088681221
1633652694.2222037,0.10349871218204498,0.20751751959323883,0.04412979260087013,0.36724498867988586,0.14459483325481415,0.13301414251327515
1633652694.3392127,0.0837702676653862,0.16126835346221924,0.06112038344144821,0.5106033682823181,0.018609575927257538,0.1646280288696289
1633652694.4662626,0.12693361937999725,0.19968123733997345,0.06806379556655884,0.44067856669425964,0.05284323915839195,0.11179955303668976
1633652694.6032698,0.09664789587259293,0.21341009438037872,0.0473971925675869,0.35750147700309753,0.15783357620239258,0.12720969319343567
1633652694.9042914,0.07531595230102539,0.14844393730163574,0.08913842588663101,0.4949694871902466,0.018555060029029846,0.17357707023620605
1633652695.0313025,0.11085516959428787,0.16796790063381195,0.09491980075836182,0.19365231692790985,0.2903206944465637,0.14228416979312897
1633652695.1373088,0.08080726861953735,0.16382107138633728,0.12164633721113205,0.10530765354633331,0.40899622440338135,0.11942147463560104
1633652695.2523189,0.06457880139350891,0.15105155110359192,0.10407193005084991,0.41699090600013733,0.04869476333260536,0.21461202204227448
1633652695.373327,0.07354097813367844,0.1711280643939972,0.1199565976858139,0.20142289996147156,0.2307739406824112,0.20317745208740234
1633652695.498336,0.08127806335687637,0.16777676343917847,0.09241071343421936,0.14900726079940796,0.3432500660419464,0.16627711057662964
1633652695.6183445,0.08678799867630005,0.1641569584608078,0.11213512718677521,0.15432405471801758,0.33809399604797363,0.14450189471244812
1633652695.7953587,0.1031281054019928,0.17791974544525146,0.05327519401907921,0.3527814745903015,0.10533992201089859,0.20755554735660553
1633652695.9455116,0.12330964207649231,0.18562601506710052,0.06541279703378677,0.24419258534908295,0.22562825679779053,0.15583071112632751
